16
................
................
................
................
................
................
................
................
................
................
................
................
................
................
................
................
Agent 0 1 1 1 0 1 2 1 1 3 2 1 4 3 1 5 4 1 6 5 1 7 6 1 8 7 1 8 300
Agent 1 1 3 8 0 3 7 1 3 6 2 4 6 3 4 5 4 4 4 5 4 3 6 4 2 7 4 1 8 3 1 9 3 1 300
Agent 2 1 7 11 0 7 10 1 7 9 2 7 8 3 7 7 4 7 6 5 7 5 6 7 4 7 6 4 8 6 4 300
Agent 3 1 9 8 0 9 8 3 9 9 4 8 9 5 7 9 6 6 9 7 6 8 8 5 8 9 5 7 10 4 7 11 4 6 12 3 6 13 2 6 14 2 5 15 2 4 16 1 4 17 1 4 300
Agent 4 1 9 1 0 9 2 1 9 3 2 9 4 3 9 5 4 10 5 5 10 6 6 9 6 7 8 6 8 8 7 9 8 8 10 7 8 11 6 8 12 5 8 13 4 8 14 4 7 15 3 7 16 3 7 300
